0.001,0.0
0.002,0.07532680552793272
0.003,0.15022558912075706
0.004,0.22427076094938117
0.005,0.2970415815770349
0.006,0.368124552684678
0.007,0.4371157666509329
0.008,0.5036232016357608
0.009000000000000001,0.5672689491267565
0.010000000000000002,0.6276913612907006
0.011000000000000003,0.6845471059286888
0.012000000000000004,0.737513117358174
0.013000000000000005,0.786288432136619
0.014000000000000005,0.8305958991958128
0.015000000000000006,0.8701837546695259
0.016000000000000007,0.9048270524660197
0.017000000000000008,0.9343289424566122
0.01800000000000001,0.9585217890173761
0.01900000000000001,0.9772681235681936
0.02000000000000001,0.9904614256966513
0.02100000000000001,0.9980267284282716
0.022000000000000013,0.9999210442038161
0.023000000000000013,0.9961336091431724
0.024000000000000014,0.9866859442078679
0.025000000000000015,0.9716317329146736
0.026000000000000016,0.9510565162951532
0.027000000000000017,0.9250772068344576
0.028000000000000018,0.8938414241512632
0.02900000000000002,0.8575266561936515
0.03000000000000002,0.8163392507171833
0.03100000000000002,0.7705132427757884
0.03200000000000002,0.7203090248879058
0.03300000000000002,0.6660118674342503
0.03400000000000002,0.6079302976946043
0.035000000000000024,0.5463943467342677
0.036000000000000025,0.48175367410171366
0.037000000000000026,0.4143755809932827
0.03800000000000003,0.3446429231745154
0.03900000000000003,0.27295193551732333
0.04000000000000003,0.1997099805144049
0.04100000000000003,0.12533323356430234
0.04200000000000003,0.05024431817976744
0.04300000000000003,-0.025130095443339787
0.04400000000000003,-0.10036171485121693
0.04500000000000003,-0.17502305897527826
0.046000000000000034,-0.24868988716485715
0.047000000000000035,-0.320943609807212
0.048000000000000036,-0.3913736668372046
0.04900000000000004,-0.45957986062149014
0.05000000000000004,-0.525174629961298
0.05100000000000004,-0.5877852522924751
0.05200000000000004,-0.6470559615694463
0.05300000000000004,-0.7026499697988513
0.05400000000000004,-0.7542513807361055
0.05500000000000004,-0.8015669848708785
0.05600000000000004,-0.8443279255020167
0.057000000000000044,-0.8822912264349546
0.058000000000000045,-0.915241172620919
0.059000000000000045,-0.9429905358928655
0.060000000000000046,-0.9653816388332747
0.06100000000000005,-0.9822872507286894
0.06200000000000005,-0.9936113105200087
0.06300000000000004,-0.9992894726405893
0.06400000000000004,-0.9992894726405891
0.06500000000000004,-0.9936113105200081
0.06600000000000004,-0.982287250728688
0.06700000000000005,-0.9653816388332731
0.06800000000000005,-0.9429905358928633
0.06900000000000005,-0.9152411726209162
0.07000000000000005,-0.8822912264349518
0.07100000000000005,-0.8443279255020131
0.07200000000000005,-0.8015669848708745
0.07300000000000005,-0.7542513807361018
0.07400000000000005,-0.7026499697988464
0.07500000000000005,-0.6470559615694416
0.07600000000000005,-0.5877852522924705
0.07700000000000005,-0.5251746299612923
0.07800000000000006,-0.45957986062148454
0.07900000000000006,-0.39137366683719843
0.08000000000000006,-0.3209436098072056
0.08100000000000006,-0.24868988716485105
0.08200000000000006,-0.17502305897527162
0.08300000000000006,-0.10036171485121068
0.08400000000000006,-0.025130095443333497
0.08500000000000006,0.05024431817977417
0.08600000000000006,0.1253332335643086
0.08700000000000006,0.19970998051441105
0.08800000000000006,0.2729519355173298
0.08900000000000007,0.3446429231745213
0.09000000000000007,0.41437558099328803
0.09100000000000007,0.48175367410171954
0.09200000000000007,0.546394346734273
0.09300000000000007,0.6079302976946096
0.09400000000000007,0.6660118674342553
0.09500000000000007,0.7203090248879102
0.09600000000000007,0.7705132427757927
0.09700000000000007,0.8163392507171869
0.09800000000000007,0.8575266561936548
0.09900000000000007,0.8938414241512662
0.10000000000000007,0.92507720683446
0.10100000000000008,0.9510565162951551
0.10200000000000008,0.9716317329146753
0.10300000000000008,0.9866859442078689
0.10400000000000008,0.996133609143173
0.10500000000000008,0.9999210442038162
0.10600000000000008,0.9980267284282712
0.10700000000000008,0.9904614256966505
0.10800000000000008,0.9772681235681921
0.10900000000000008,0.9585217890173741
0.11000000000000008,0.9343289424566101
0.11100000000000008,0.9048270524660169
0.11200000000000009,0.8701837546695224
0.11300000000000009,0.8305958991958096
0.11400000000000009,0.786288432136615
0.11500000000000009,0.7375131173581693
0.11600000000000009,0.6845471059286845
0.11700000000000009,0.6276913612906956
0.11800000000000009,0.5672689491267507
0.11900000000000009,0.5036232016357558
0.12000000000000009,0.4371157666509271
0.1210000000000001,0.36812455268467137
0.1220000000000001,0.2970415815770292
0.1230000000000001,0.22427076094937476
0.1240000000000001,0.1502255891207499
0.12500000000000008,0.07532680552792664
0.12600000000000008,-6.738033317856796e-15
0.12700000000000009,-0.0753268055279383
0.12800000000000009,-0.15022558912076323
0.1290000000000001,-0.2242707609493879
0.1300000000000001,-0.29704158157704036
0.1310000000000001,-0.36812455268468386
0.1320000000000001,-0.4371157666509392
0.1330000000000001,-0.5036232016357659
0.1340000000000001,-0.5672689491267618
0.1350000000000001,-0.627691361290706
0.1360000000000001,-0.6845471059286931
0.1370000000000001,-0.7375131173581784
0.1380000000000001,-0.7862884321366234
0.1390000000000001,-0.830595899195816
0.1400000000000001,-0.870183754669529
0.1410000000000001,-0.9048270524660227
0.1420000000000001,-0.9343289424566142
0.1430000000000001,-0.9585217890173778
0.1440000000000001,-0.977268123568195
0.1450000000000001,-0.9904614256966521
0.1460000000000001,-0.998026728428272
0.1470000000000001,-0.999921044203816
0.1480000000000001,-0.9961336091431718
0.1490000000000001,-0.9866859442078669
0.1500000000000001,-0.9716317329146721
0.1510000000000001,-0.9510565162951515
0.1520000000000001,-0.9250772068344553
0.1530000000000001,-0.8938414241512602
0.1540000000000001,-0.8575266561936479
0.1550000000000001,-0.8163392507171796
0.1560000000000001,-0.770513242775784
0.1570000000000001,-0.7203090248879008
0.1580000000000001,-0.666011867434246
0.1590000000000001,-0.6079302976945988
0.16000000000000011,-0.5463943467342617
0.16100000000000012,-0.48175367410170855
0.16200000000000012,-0.41437558099327654
0.16300000000000012,-0.3446429231745086
0.16400000000000012,-0.2729519355173177
0.16500000000000012,-0.19970998051439873
0.16600000000000012,-0.1253332335642952
0.16700000000000012,-0.0502443181797616
0.16800000000000012,0.02513009544334608
0.16900000000000012,0.10036171485122408
0.17000000000000012,0.17502305897528403
0.17100000000000012,0.24868988716486326
0.17200000000000013,0.32094360980721837
0.17300000000000013,0.39137366683721
0.17400000000000013,0.45957986062149575
0.17500000000000013,0.5251746299613038
0.17600000000000013,0.5877852522924799
0.17700000000000013,0.6470559615694512
0.17800000000000013,0.7026499697988561
0.17900000000000013,0.7542513807361094
0.18000000000000013,0.8015669848708821
0.18100000000000013,0.8443279255020203
0.18200000000000013,0.8822912264349574
0.18300000000000013,0.9152411726209213
0.18400000000000014,0.9429905358928677
0.18500000000000014,0.9653816388332767
0.18600000000000014,0.9822872507286905
0.18700000000000014,0.9936113105200095
0.18800000000000014,0.9992894726405896
0.18900000000000014,0.9992894726405889
0.19000000000000014,0.9936113105200073
0.19100000000000014,0.9822872507286866
0.19200000000000014,0.9653816388332713
0.19300000000000014,0.9429905358928611
0.19400000000000014,0.9152411726209132
0.19500000000000015,0.8822912264349486
0.19600000000000015,0.8443279255020095
0.19700000000000015,0.80156698487087
0.19800000000000015,0.7542513807360973
0.19900000000000015,0.7026499697988416
0.20000000000000015,0.6470559615694358
0.20100000000000015,0.587785252292465
0.20200000000000015,0.5251746299612866
0.20300000000000015,0.45957986062147776
0.20400000000000015,0.39137366683719305
0.20500000000000015,0.3209436098071992
0.20600000000000016,0.24868988716484366
0.20700000000000016,0.17502305897526588
0.20800000000000016,0.10036171485120397
0.20900000000000016,0.025130095443325874
0.21000000000000016,-0.05024431817978001
0.21100000000000016,-0.12533323356431528
0.21200000000000016,-0.19970998051441852
0.21300000000000016,-0.27295193551733543
0.21400000000000016,-0.34464292317452927
0.21500000000000016,-0.41437558099329497
0.21600000000000016,-0.4817536741017247
0.21700000000000016,-0.5463943467342801
0.21800000000000017,-0.6079302976946149
0.21900000000000017,-0.6660118674342598
0.22000000000000017,-0.7203090248879161
0.22100000000000017,-0.770513242775797
0.22200000000000017,-0.8163392507171903
0.22300000000000017,-0.8575266561936592
0.22400000000000017,-0.8938414241512693
0.22500000000000017,-0.9250772068344623
0.22600000000000017,-0.9510565162951578
0.22700000000000017,-0.9716317329146769
0.22800000000000017,-0.9866859442078699
0.22900000000000018,-0.9961336091431736
0.23000000000000018,-0.9999210442038162
0.23100000000000018,-0.9980267284282709
0.23200000000000018,-0.9904614256966493
0.23300000000000018,-0.9772681235681908
0.23400000000000018,-0.9585217890173726
0.23500000000000018,-0.934328942456607
0.23600000000000018,-0.904827052466014
0.23700000000000018,-0.8701837546695199
0.23800000000000018,-0.8305958991958048
0.23900000000000018,-0.7862884321366109
0.24000000000000019,-0.7375131173581659
0.2410000000000002,-0.6845471059286783
0.2420000000000002,-0.6276913612906903
0.2430000000000002,-0.5672689491267466
0.2440000000000002,-0.5036232016357485
0.2450000000000002,-0.437115766650921
0.2460000000000002,-0.36812455268466676
0.2470000000000002,-0.2970415815770211
0.2480000000000002,-0.22427076094936818
0.2490000000000002,-0.150225589120745
0.25000000000000017,-0.07532680552791815
0.25100000000000017,1.3476066635713591e-14
0.25200000000000017,0.07532680552794502
0.25300000000000017,0.1502255891207681
0.25400000000000017,0.22427076094939444
0.25500000000000017,0.2970415815770468
0.25600000000000017,0.36812455268468847
0.2570000000000002,0.43711576665094526
0.2580000000000002,0.5036232016357717
0.2590000000000002,0.567268949126766
0.2600000000000002,0.6276913612907112
0.2610000000000002,0.6845471059286979
0.2620000000000002,0.7375131173581817
0.2630000000000002,0.7862884321366276
0.2640000000000002,0.8305958991958198
0.2650000000000002,0.8701837546695315
0.2660000000000002,0.9048270524660256
0.2670000000000002,0.9343289424566167
0.2680000000000002,0.9585217890173793
0.2690000000000002,0.9772681235681965
0.2700000000000002,0.9904614256966531
0.2710000000000002,0.9980267284282723
0.2720000000000002,0.9999210442038159
0.2730000000000002,0.9961336091431713
0.2740000000000002,0.9866859442078662
0.2750000000000002,0.9716317329146705
0.2760000000000002,0.9510565162951494
0.2770000000000002,0.9250772068344534
0.2780000000000002,0.8938414241512572
0.2790000000000002,0.8575266561936453
0.2800000000000002,0.8163392507171768
0.2810000000000002,0.7705132427757798
0.2820000000000002,0.7203090248878974
0.2830000000000002,0.6660118674342422
0.2840000000000002,0.6079302976945935
0.2850000000000002,0.5463943467342576
0.2860000000000002,0.48175367410170417
0.2870000000000002,0.41437558099327043
0.2880000000000002,0.34464292317450396
0.2890000000000002,0.27295193551731295
0.2900000000000002,0.19970998051439212
0.2910000000000002,0.1253332335642903
0.2920000000000002,0.05024431817975664
0.2930000000000002,-0.025130095443352818
0.2940000000000002,-0.10036171485122902
0.2950000000000002,-0.17502305897528891
0.2960000000000002,-0.24868988716486978
0.2970000000000002,-0.3209436098072231
0.2980000000000002,-0.3913736668372146
0.2990000000000002,-0.45957986062150175
0.3000000000000002,-0.525174629961308
0.3010000000000002,-0.5877852522924839
0.3020000000000002,-0.6470559615694563
0.3030000000000002,-0.7026499697988596
0.3040000000000002,-0.7542513807361126
0.3050000000000002,-0.8015669848708861
0.3060000000000002,-0.844327925502023
0.3070000000000002,-0.8822912264349614
0.3080000000000002,-0.915241172620924
0.3090000000000002,-0.9429905358928694
0.3100000000000002,-0.9653816388332784
0.3110000000000002,-0.9822872507286917
0.3120000000000002,-0.9936113105200101
0.3130000000000002,-0.9992894726405899
0.3140000000000002,-0.9992894726405886
0.3150000000000002,-0.9936113105200067
0.3160000000000002,-0.9822872507286854
0.3170000000000002,-0.9653816388332696
0.3180000000000002,-0.9429905358928594
0.31900000000000023,-0.9152411726209104
0.32000000000000023,-0.8822912264349455
0.32100000000000023,-0.8443279255020069
0.32200000000000023,-0.8015669848708659
0.32300000000000023,-0.7542513807360929
0.32400000000000023,-0.7026499697988382
0.32500000000000023,-0.6470559615694307
0.32600000000000023,-0.5877852522924595
0.32700000000000023,-0.5251746299612824
0.32800000000000024,-0.45957986062147177
0.32900000000000024,-0.39137366683718683
0.33000000000000024,-0.3209436098071945
0.33100000000000024,-0.24868988716483714
0.33200000000000024,-0.17502305897525924
0.33300000000000024,-0.10036171485119903
0.33400000000000024,-0.025130095443319136
0.33500000000000024,0.050244318179786744
0.33600000000000024,0.1253332335643202
0.33700000000000024,0.19970998051442512
0.33800000000000024,0.2729519355173419
0.33900000000000025,0.34464292317453227
0.34000000000000025,0.4143755809933011
0.34100000000000025,0.4817536741017306
0.34200000000000025,0.5463943467342828
0.34300000000000025,0.6079302976946203
0.34400000000000025,0.6660118674342648
0.34500000000000025,0.7203090248879184
0.34600000000000025,0.7705132427758012
0.34700000000000025,0.8163392507171942
0.34800000000000025,0.8575266561936608
0.34900000000000025,0.8938414241512723
0.35000000000000026,0.9250772068344648
0.35100000000000026,0.9510565162951587
0.35200000000000026,0.9716317329146784
0.35300000000000026,0.986685944207871
0.35400000000000026,0.996133609143174
0.35500000000000026,0.9999210442038163
0.35600000000000026,0.9980267284282704
0.35700000000000026,0.9904614256966489
0.35800000000000026,0.9772681235681894
0.35900000000000026,0.9585217890173707
0.36000000000000026,0.9343289424566059
0.36100000000000027,0.9048270524660113
0.36200000000000027,0.8701837546695166
0.36300000000000027,0.830595899195803
0.36400000000000027,0.7862884321366067
0.36500000000000027,0.7375131173581614
0.36600000000000027,0.6845471059286734
0.36700000000000027,0.627691361290685
0.36800000000000027,0.5672689491267411
0.36900000000000027,0.5036232016357426
0.3700000000000003,0.43711576665091495
0.3710000000000003,0.3681245526846605
0.3720000000000003,0.29704158157701466
0.3730000000000003,0.2242707609493616
0.3740000000000003,0.15022558912073833
0.3750000000000003,0.07532680552791143
0.3760000000000003,-2.021409995357039e-14
0.3770000000000003,-0.07532680552795175
0.3780000000000003,-0.1502255891207783
0.3790000000000003,-0.22427076094940102
0.3800000000000003,-0.29704158157705324
0.3810000000000003,-0.36812455268469807
0.3820000000000003,-0.4371157666509513
0.3830000000000003,-0.5036232016357776
0.3840000000000003,-0.5672689491267744
0.3850000000000003,-0.6276913612907166
0.3860000000000003,-0.6845471059287028
0.3870000000000003,-0.7375131173581887
0.3880000000000003,-0.7862884321366317
0.3890000000000003,-0.8305958991958236
0.3900000000000003,-0.8701837546695365
0.3910000000000003,-0.9048270524660285
0.3920000000000003,-0.9343289424566191
0.3930000000000003,-0.9585217890173822
0.3940000000000003,-0.9772681235681979
0.3950000000000003,-0.990461425696654
0.3960000000000003,-0.998026728428273
0.3970000000000003,-0.9999210442038159
0.3980000000000003,-0.9961336091431707
0.3990000000000003,-0.9866859442078644
0.4000000000000003,-0.9716317329146689
0.4010000000000003,-0.9510565162951473
0.4020000000000003,-0.9250772068344495
0.4030000000000003,-0.8938414241512542
0.4040000000000003,-0.8575266561936419
0.4050000000000003,-0.8163392507171708
0.4060000000000003,-0.7705132427757755
0.4070000000000003,-0.7203090248878927
0.4080000000000003,-0.6660118674342346
0.4090000000000003,-0.6079302976945882
0.4100000000000003,-0.5463943467342519
0.4110000000000003,-0.4817536741016952
0.4120000000000003,-0.41437558099326427
0.4130000000000003,-0.34464292317449763
0.4140000000000003,-0.272951935517303
0.4150000000000003,-0.19970998051438552
0.4160000000000003,-0.1253332335642836
0.4170000000000003,-0.05024431817974637
0.4180000000000003,0.025130095443359552
0.4190000000000003,0.10036171485123573
0.4200000000000003,0.17502305897529905
0.4210000000000003,0.2486898871648763
0.4220000000000003,0.32094360980722947
0.4230000000000003,0.391373666837224
0.4240000000000003,0.4595798606215077
0.4250000000000003,0.5251746299613137
0.4260000000000003,0.5877852522924922
0.4270000000000003,0.6470559615694642
0.4280000000000003,0.7026499697988644
0.4290000000000003,0.7542513807361194
0.4300000000000003,0.8015669848708922
0.4310000000000003,0.8443279255020266
0.43200000000000033,0.8822912264349645
0.43300000000000033,0.9152411726209282
0.43400000000000033,0.9429905358928716
0.43500000000000033,0.9653816388332801
0.43600000000000033,0.9822872507286936
0.43700000000000033,0.9936113105200108
0.43800000000000033,0.9992894726405902
0.43900000000000033,0.9992894726405882
0.44000000000000034,0.993611310520006
0.44100000000000034,0.9822872507286842
0.44200000000000034,0.9653816388332669
0.44300000000000034,0.9429905358928572
0.44400000000000034,0.9152411726209078
0.44500000000000034,0.8822912264349406
0.44600000000000034,0.8443279255020032
0.44700000000000034,0.8015669848708619
0.44800000000000034,0.7542513807360861
0.44900000000000034,0.7026499697988333
0.45000000000000034,0.6470559615694255
0.45100000000000035,0.5877852522924512
0.45200000000000035,0.5251746299612766
0.45300000000000035,0.45957986062146583
0.45400000000000035,0.39137366683717734
0.45500000000000035,0.32094360980718817
0.45600000000000035,0.24868988716483062
0.45700000000000035,0.1750230589752491
0.45800000000000035,0.10036171485119233
0.45900000000000035,0.025130095443312402
0.46000000000000035,-0.05024431817979702
0.46100000000000035,-0.12533323356432688
0.46200000000000035,-0.19970998051443173
0.46300000000000036,-0.2729519355173518
0.46400000000000036,-0.3446429231745386
0.46500000000000036,-0.41437558099330724
0.46600000000000036,-0.4817536741017396
0.46700000000000036,-0.5463943467342884
0.46800000000000036,-0.6079302976946256
0.46900000000000036,-0.6660118674342724
0.47000000000000036,-0.720309024887923
0.47100000000000036,-0.7705132427758056
0.47200000000000036,-0.8163392507172001
0.47300000000000036,-0.8575266561936643
0.47400000000000037,-0.8938414241512753
0.47500000000000037,-0.9250772068344687
0.47600000000000037,-0.9510565162951609
0.47700000000000037,-0.9716317329146801
0.47800000000000037,-0.9866859442078727
0.47900000000000037,-0.9961336091431745
0.48000000000000037,-0.9999210442038164
0.48100000000000037,-0.9980267284282698
0.4820000000000004,-0.990461425696648
0.4830000000000004,-0.9772681235681879
0.4840000000000004,-0.9585217890173677
0.4850000000000004,-0.9343289424566036
0.4860000000000004,-0.9048270524660084
0.4870000000000004,-0.8701837546695115
0.4880000000000004,-0.8305958991957992
0.4890000000000004,-0.7862884321366026
0.4900000000000004,-0.7375131173581544
0.4910000000000004,-0.6845471059286711
0.4920000000000004,-0.6276913612906798
0.4930000000000004,-0.5672689491267326
0.4940000000000004,-0.5036232016357398
0.4950000000000004,-0.4371157666509089
0.4960000000000004,-0.3681245526846509
0.4970000000000004,-0.2970415815770116
0.4980000000000004,-0.22427076094935505
0.4990000000000004,-0.15022558912072814
0.5000000000000003,-0.07532680552790826
